    | 00 01 02 03 04 05 06 07 08 09 0A 0B 0C 0D 0E 0F 10 11 12 13 14 15 16 17 18 19 1A 1B 1C 1D 1E 1F
-----------------------------------------------------------------------------------------------------
BA0 | 0D 00 00 00 01 01 01 01 00 00 00 0D 0B 0A 01 01 F3 A6 00 04 00 20 00 00 00 00 00 00 00 00 00 00
BA2 | 05 00 00 00 12 35 03 05 00 00 00 05 10 35 2D 15 F3 A6 00 06 00 20 00 00 00 00 00 00 00 00 00 00
BA4 | 01 01 0A 1A 01 0F 10 13 00 01 00 05 19 37 00 00 F3 A6 00 06 00 20 00 00 00 00 00 00 00 00 00 00
BA6 | 05 00 00 00 18 22 04 04 00 00 00 05 16 28 2D 1A 1B A7 00 04 64 23 00 00 00 00 00 00 00 00 00 00
BA8 | 05 00 00 00 09 27 01 03 00 00 00 05 06 24 03 21 F3 A6 00 08 00 20 00 00 00 00 00 00 00 00 00 00
BAA | 05 00 00 00 09 06 01 08 00 00 00 05 09 11 42 07 1B A7 00 03 3C 20 00 00 00 00 00 00 00 00 00 00
BAC | 01 01 16 1C 11 10 0B 12 00 08 00 05 14 0B 00 00 F3 A6 00 06 00 20 00 00 00 00 00 00 00 00 00 00
BAE | 01 00 0B 1D 00 00 00 00 00 0B 00 05 1F 06 00 00 1B A7 00 06 50 23 00 00 00 00 00 00 00 00 00 00
BB0 | 01 01 1C 1F 1C 1D 1A 06 00 05 00 05 42 05 00 00 F3 A6 00 04 00 21 00 00 00 00 00 00 00 00 00 00
BB2 | 04 00 06 07 00 00 00 00 00 15 00 0C 02 03 00 00 52 A7 00 01 21 1F 00 00 00 00 00 00 00 00 00 00
BB4 | 05 00 00 00 3C 1D 04 02 00 00 00 05 3C 1C 12 05 1B A7 00 07 3C 20 00 00 00 00 00 00 00 00 00 00
BB6 | 05 00 00 00 42 11 04 06 00 00 00 05 3E 14 2D 1E F3 A6 00 06 00 22 00 00 00 00 00 00 00 00 00 00
BB8 | 05 00 00 00 24 2C 14 07 00 00 00 05 38 2A 25 06 F3 A6 00 04 00 21 00 00 00 00 00 00 00 00 00 00
BBA | 01 03 26 32 27 33 01 07 00 0C 00 05 42 21 00 00 1B A7 00 06 14 23 00 00 00 00 00 00 00 00 00 00
BBC | 01 01 26 1C 22 13 12 0A 00 0D 00 05 40 3B 00 00 1B A7 00 06 32 21 00 00 00 00 00 00 00 00 00 00
BBE | 01 02 29 29 23 23 13 0B 00 09 00 06 08 27 00 00 1B A7 00 08 28 23 00 00 00 00 00 00 00 00 00 00
BC0 | 01 01 3A 24 36 1A 08 0C 00 03 00 06 08 12 00 00 F3 A6 00 04 00 20 00 00 00 00 00 00 00 00 00 00
BC2 | 01 00 16 33 00 00 00 00 00 0B 00 06 08 0A 00 00 F3 A6 00 04 00 20 00 00 00 00 00 00 00 00 00 00
BC4 | 01 02 39 14 34 0C 07 0E 00 06 00 06 18 1C 00 00 1B A7 00 06 28 23 00 00 00 00 00 00 00 00 00 00
BC6 | 01 03 39 33 3C 35 01 03 00 0C 00 08 05 03 00 00 F3 A6 00 04 00 28 00 00 00 00 00 00 00 00 00 00
BC8 | 06 00 00 00 34 0F 01 01 00 00 00 06 2D 09 1F 00 F3 A6 00 08 00 22 00 00 00 00 00 00 00 00 00 00
BCA | 01 00 27 26 00 00 00 00 00 09 00 06 34 09 00 00 1B A7 00 06 0A 22 00 00 00 00 00 00 00 00 00 00
BCC | 01 02 18 17 00 00 00 00 00 07 00 06 35 1B 00 00 F3 A6 00 06 00 21 00 00 00 00 00 00 00 00 06 00
BCE | 06 00 00 00 2D 2E 01 01 00 00 00 06 29 2E 1F 00 F3 A6 00 06 00 20 00 00 00 00 00 00 00 00 00 00
BD0 | 01 00 2C 0A 00 00 00 00 00 0B 00 06 2D 2E 00 00 1B A7 00 06 1E 22 00 00 00 00 00 00 00 00 00 00
BD2 | 06 00 00 00 12 2D 03 03 00 00 00 06 19 2F 1E 02 F3 A6 00 06 00 20 00 00 00 00 00 00 00 00 00 00
BD4 | 01 01 3A 0B 2C 01 11 0B 00 00 00 06 22 34 00 00 F3 A6 00 05 00 21 00 00 00 00 00 00 00 00 00 00
BD6 | 07 00 00 00 05 21 06 05 00 00 00 07 07 27 05 2E 52 A7 00 08 00 29 00 00 00 00 00 00 00 00 00 00
BD8 | 07 00 00 00 09 0E 03 08 00 00 00 07 05 0F 09 15 F3 A6 00 04 00 26 00 00 00 00 00 00 00 00 00 00
BDA | 01 00 3B 2D 00 00 00 00 00 0A 00 07 04 04 00 00 1B A7 00 06 3C 26 00 00 00 00 00 00 00 00 00 00
BDC | 08 00 00 00 0D 03 06 08 00 00 00 08 0B 0B 43 00 F3 A6 00 04 00 28 00 00 00 00 00 00 00 00 00 00
BDE | 08 00 00 00 23 05 03 05 00 00 00 08 23 07 40 04 52 A7 00 05 02 2E 00 00 00 00 00 00 00 00 00 00
BE0 | 08 00 00 00 32 00 05 06 00 00 00 08 2E 05 49 01 F3 A6 00 06 00 26 00 00 00 00 00 00 00 00 00 00
BE2 | 08 00 00 00 3A 03 01 01 00 00 00 08 3A 05 40 00 52 A7 00 01 0F 27 00 00 00 00 00 00 00 00 00 00
BE4 | 01 00 2E 39 00 00 00 00 00 0B 00 09 1A 08 00 00 F3 A6 00 06 00 28 00 00 00 00 00 00 00 00 00 00
BE6 | 01 01 36 3C 35 36 06 07 00 02 00 09 19 19 00 00 52 A7 00 05 10 2E 00 00 00 00 00 00 00 00 00 00
BE8 | 0B 00 00 00 02 2D 05 02 00 00 00 0B 0C 29 00 40 1B A7 00 03 64 26 00 00 00 00 00 00 00 00 00 00
BEA | 01 03 2D 12 2D 0F 01 05 00 02 00 0B 05 1F 00 00 52 A7 00 06 01 29 00 00 00 00 00 00 00 00 00 00
BEC | 63 00 00 00 00 00 01 01 00 00 00 63 00 00 00 00 F3 A6 00 01 01 FF 00 00 00 00 00 00 00 00 00 00
BEE | 63 00 00 00 00 00 01 01 00 00 00 63 00 00 00 00 F3 A6 00 01 01 FF 00 00 00 00 00 00 00 00 00 00
BF0 | 01 01 13 2C 06 22 16 0D 00 00 00 06 19 3E 00 00 1B A7 00 08 0A 23 00 00 00 00 00 00 00 00 00 00
BF2 | 01 00 04 33 00 00 00 00 00 00 00 05 4B 2C 00 00 1B A7 00 06 14 23 00 00 00 00 00 00 00 00 00 00
BF4 | 01 03 17 3B 17 34 01 05 00 0C 00 06 2E 1B 00 00 F3 A6 00 06 00 20 00 00 00 00 00 00 00 01 00 00
BF6 | 01 03 31 38 31 33 01 03 00 0C 00 09 02 03 00 00 52 A7 00 06 11 27 00 00 00 00 00 00 00 01 00 00
BF8 | 01 03 25 0B 24 06 01 04 00 0C 00 0B 0A 0A 00 00 52 A7 00 07 12 27 00 00 00 00 00 00 00 00 00 00
BFA | 63 00 00 00 00 00 01 01 00 00 00 63 00 00 00 00 F3 A6 00 01 01 FF 00 00 00 00 00 00 00 00 00 00
BFC | 01 00 30 32 00 00 00 00 00 0B 00 07 03 34 00 00 F3 A6 00 06 28 28 00 00 00 00 00 00 00 00 00 00
BFE | 01 00 16 28 00 00 00 00 00 09 00 09 07 1A 00 00 F3 A6 00 06 00 26 00 00 00 00 00 00 00 00 00 00
C00 | 06 00 00 00 2D 0F 01 01 00 00 00 06 34 0F 1F 00 1B A7 00 06 28 22 00 00 00 00 00 00 00 00 00 00
C02 | 06 00 00 00 34 09 01 01 00 00 00 06 2D 0F 1F 00 1B A7 00 06 14 22 00 00 00 00 00 00 00 00 00 00
C04 | 0E 00 00 00 0B 30 02 04 00 00 00 0E 0F 36 1C 00 00 00 00 00 00 00 00 00 00 00 00 00 00 00 00 00
C06 | 07 00 00 00 06 33 03 02 00 00 00 07 0C 34 02 39 F3 A6 00 06 28 28 00 00 00 00 00 00 00 00 00 00
C08 | 0B 00 00 00 07 03 02 04 00 00 00 0B 05 0A 00 42 1B A7 00 08 3C 26 00 00 00 00 00 00 00 00 00 00
C0A | 63 00 00 00 00 00 01 01 00 00 00 63 00 00 00 00 F3 A6 00 01 01 FF 00 00 00 00 00 00 00 00 00 00
C0C | 20 00 00 00 29 03 02 01 00 00 01 20 2A 06 00 30 52 A7 00 04 6D 33 00 00 00 00 00 00 00 00 00 00
C0E | 15 01 03 12 03 0E 02 02 00 16 01 21 02 03 00 00 52 A7 00 05 6E 33 00 00 00 00 00 00 00 00 00 00
C10 | 15 01 2A 17 2A 13 02 02 00 16 01 19 14 56 00 00 F3 A6 00 06 00 2D 00 00 00 00 00 00 00 00 00 00
C12 | 19 00 00 00 06 42 06 03 00 00 01 19 07 48 00 62 1B A7 00 06 14 2D 00 00 00 00 00 00 00 00 00 00
C14 | 19 00 00 00 0F 40 02 02 00 00 01 19 12 44 1B 3A F3 A6 00 04 00 2E 00 00 00 00 00 00 00 00 00 00
C16 | 19 00 00 00 19 43 02 02 00 00 01 19 1C 44 00 5E 1B A7 00 03 50 2E 00 00 00 00 00 00 00 00 00 00
C18 | 15 01 2B 21 2B 1D 02 02 00 17 01 19 03 34 00 00 1B A7 00 06 14 2D 00 00 00 00 00 00 00 00 00 00
C1A | 15 00 0A 17 00 00 00 00 00 17 01 19 10 2D 00 00 F3 A6 00 08 00 2D 00 00 00 00 00 00 00 00 00 00
C1C | 19 00 00 00 0F 28 02 03 00 00 01 19 0D 2A 1A 55 F3 A6 00 08 00 2E 00 00 00 00 00 00 00 00 00 00
C1E | 15 00 26 10 00 00 00 00 00 17 01 19 1C 20 00 00 1B A7 00 06 64 2D 00 00 00 00 00 00 00 00 4A 00
C20 | 16 00 0D 18 00 00 00 00 00 13 01 19 03 19 00 00 F3 A6 00 06 00 2D 00 00 00 00 00 00 00 00 00 00
C22 | 18 00 0C 0B 00 00 00 00 00 0E 01 20 0F 05 00 00 1B A7 00 04 1E 48 00 00 00 00 00 00 00 00 00 00
C24 | 1A 00 00 00 0C 11 08 07 00 00 01 1A 08 14 05 29 F3 A6 00 08 00 2D 00 00 00 00 00 00 00 00 00 00
C26 | 15 02 20 0C 21 07 02 05 00 0E 01 1A 0F 10 00 00 F3 A6 00 05 00 2E 00 00 00 00 00 00 00 01 00 00
C28 | 1A 00 00 00 0E 0A 02 05 00 00 01 1A 08 0C 00 2B 1B A7 00 06 64 2D 00 00 00 00 00 00 00 00 00 00
C2A | 1B 00 00 00 0B 0C 07 03 00 00 01 1B 09 0C 01 3B 1B A7 00 05 0A 2D 00 00 00 00 00 00 00 00 00 00
C2C | 15 01 24 2A 22 2B 02 02 00 16 01 1B 17 0D 00 00 F3 A6 00 06 00 2E 00 00 00 00 00 00 00 00 00 00
C2E | 1B 00 00 00 16 00 0F 09 00 00 01 1B 25 05 10 37 1B A7 00 03 28 2E 00 00 00 00 00 00 00 00 00 00
C30 | 1B 00 00 00 16 27 01 01 00 00 01 1B 15 27 16 27 F3 A6 00 06 00 2D 00 00 00 00 00 00 00 00 00 00
C32 | 15 02 17 1E 19 1D 01 01 00 13 01 1B 0D 24 00 00 1B A7 00 05 1E 2D 00 00 00 00 00 00 00 03 00 00
C34 | 15 01 20 16 1A 0E 0C 0C 00 0F 01 1B 17 1A 00 00 F3 A6 00 01 00 2F 00 00 00 00 00 00 00 00 00 00
C36 | 1C 00 00 00 05 36 10 0A 00 00 01 1C 03 3B 00 40 1B A7 00 04 50 2E 00 00 00 00 00 00 00 00 00 00
C38 | 1C 00 00 00 05 1D 10 0F 00 00 01 1C 03 24 10 40 F3 A6 00 08 00 2D 00 00 00 00 00 00 00 00 00 00
C3A | 1C 00 00 00 05 0E 10 0E 00 00 01 1C 03 15 20 40 1B A7 00 04 28 2D 00 00 00 00 00 00 00 00 00 00
C3C | 15 03 1B 1E 13 21 08 05 00 10 01 1C 0F 24 00 00 1B A7 00 08 0A 2E 00 00 00 00 00 00 00 00 00 00
C3E | 15 02 08 0A 08 06 02 04 00 0E 01 1C 2D 07 00 00 52 A7 00 01 03 2F 00 00 00 00 00 00 00 01 00 00
C40 | 15 03 1A 0C 16 06 03 07 00 12 01 22 02 02 00 00 52 A7 00 03 20 3D 00 00 00 00 00 00 00 02 00 00
C42 | 15 02 15 1E 12 1D 02 02 00 13 01 1C 3D 22 00 00 52 A7 00 02 04 2F 00 00 00 00 00 00 00 02 00 00
C44 | 1C 00 00 00 2B 3B 01 01 00 00 01 1C 26 3B 00 4F 1B A7 00 06 19 2D 00 00 00 00 00 00 00 00 00 00
C46 | 1D 00 00 00 01 01 01 01 00 00 01 1D 04 0F 00 01 52 A7 00 03 05 49 00 00 00 00 00 00 00 00 00 00
C48 | 1D 00 00 00 08 0D 03 02 00 00 01 1D 0A 0F 00 2A 1B A7 00 06 28 37 00 00 00 00 00 00 00 00 00 00
C4A | 1D 00 00 00 0E 0D 03 03 00 00 01 1D 15 0F 05 2D F3 A6 00 05 00 37 00 00 00 00 00 00 00 00 00 00
C4C | 15 01 0B 11 06 0D 0C 0B 00 17 01 1D 1B 0F 00 00 F3 A6 00 03 00 35 00 00 00 00 00 00 00 00 00 00
C4E | 1E 00 00 00 19 18 02 02 00 00 01 1E 1E 16 01 30 1B A7 00 06 28 37 00 00 00 00 00 00 00 00 00 00
C50 | 15 01 05 2B 07 2A 02 02 00 0E 01 1E 0C 09 00 00 1B A7 00 06 1E 37 00 00 00 00 00 00 00 03 00 00
C52 | 15 00 10 16 00 00 00 00 00 0E 01 1E 27 0E 00 00 F3 A6 00 04 00 35 00 00 00 00 00 00 00 00 00 00
C54 | 15 01 19 2B 16 2A 07 03 00 17 01 1E 22 25 00 00 52 A7 00 04 53 35 00 00 00 00 00 00 00 00 00 00
C56 | 15 00 10 26 00 00 00 00 00 10 01 1E 15 2D 00 00 1B A7 00 06 28 38 00 00 00 00 00 00 00 00 00 00
C58 | 15 02 03 15 05 16 01 02 00 13 01 1F 04 1F 00 00 1B A7 00 04 28 48 00 00 00 00 00 00 00 03 00 00
C5A | 15 03 21 12 00 00 00 00 00 0E 01 1F 04 30 00 00 52 A7 00 04 07 35 00 00 00 00 00 00 00 02 4A 00
C5C | 17 00 00 00 05 39 01 01 00 00 01 1F 04 39 05 39 F3 A6 00 04 00 37 00 00 00 00 00 00 00 00 00 00
C5E | 1F 00 00 00 30 24 04 09 00 00 01 1F 2C 29 2A 2C F3 A6 00 05 00 38 00 00 00 00 00 00 00 00 00 00
C60 | 1F 00 00 00 36 1C 04 09 00 00 01 1F 32 21 2A 2C F3 A6 00 05 00 38 00 00 00 00 00 00 00 00 00 00
C62 | 15 02 12 2D 10 2A 04 03 00 16 01 1F 2F 04 00 00 1B A7 00 06 32 37 00 00 00 00 00 00 00 00 00 00
C64 | 15 02 0D 1D 0D 1F 02 02 00 13 01 1F 1C 0A 00 00 1B A7 00 05 50 48 00 00 00 00 00 00 00 00 00 00
C66 | 15 01 05 1E 03 1D 02 02 00 0F 01 1F 14 0A 00 00 1B A7 00 05 19 37 00 00 00 00 00 00 00 00 00 00
C68 | 15 03 2B 0B 2A 06 03 02 00 16 01 1F 0A 08 00 00 52 A7 00 0A 08 49 00 00 00 00 00 00 00 00 00 00
C6A | 20 00 00 00 25 1D 01 08 00 00 01 20 21 1F 25 0B 1B A7 00 08 28 37 00 00 00 00 00 00 00 00 00 00
C6C | 20 00 00 00 26 1C 08 01 00 00 01 20 2A 20 14 0A 52 A7 00 03 0A 35 00 00 00 00 00 00 00 00 00 00
C6E | 20 00 00 00 1D 13 08 01 00 00 01 20 20 17 1D 0A 1B A7 00 06 14 37 00 00 00 00 00 00 00 00 00 00
C70 | 20 00 00 00 1C 02 0A 08 00 00 01 20 20 06 1C 38 F3 A6 00 06 00 38 00 00 00 00 00 00 00 00 00 00
C72 | 20 00 00 00 13 1D 0A 09 00 00 01 20 17 21 12 37 F3 A6 00 06 00 48 00 00 00 00 00 00 00 00 00 00
C74 | 20 00 00 00 0B 1C 08 01 00 00 01 20 0F 20 1D 0A F3 A6 00 08 00 38 00 00 00 00 00 00 00 00 00 00
C76 | 20 00 00 00 02 13 08 0A 00 00 01 20 05 17 02 36 1B A7 00 06 1E 38 00 00 00 00 00 00 00 00 00 00
C78 | 20 00 00 00 02 25 08 01 00 00 01 20 05 20 1D 0A 1B A7 00 04 23 48 00 00 00 00 00 00 00 00 00 00
C7A | 20 00 00 00 0A 26 01 08 00 00 01 20 08 27 25 0B 52 A7 00 03 0C 35 00 00 00 00 00 00 00 00 00 00
C7C | 21 00 00 00 28 0C 06 05 00 00 01 21 2D 12 35 1D F3 A6 00 08 00 38 00 00 00 00 00 00 00 00 00 00
C7E | 15 00 04 1B 00 00 00 00 00 10 01 21 38 16 00 00 1B A7 00 05 3C 38 00 00 00 00 00 00 00 00 00 00
C80 | 21 00 00 00 1B 32 03 01 00 00 01 21 1D 34 00 3F 1B A7 00 04 64 38 00 00 00 00 00 00 00 00 00 00
C82 | 21 00 00 00 04 1E 06 05 00 00 01 21 07 24 35 1D 52 A7 00 03 0D 35 00 00 00 00 00 00 00 00 00 00
C84 | 15 00 29 10 00 00 00 00 00 13 01 21 1D 39 00 00 F3 A6 00 06 00 48 00 00 00 00 00 00 00 00 00 00
C86 | 1D 00 00 00 0E 08 03 04 00 00 01 1D 10 07 02 2C 1B A7 00 03 32 48 00 00 00 00 00 00 00 00 00 00
C88 | 23 00 00 00 18 15 03 04 00 00 00 23 19 1C 16 00 00 00 00 00 00 00 00 00 00 00 00 00 00 00 00 00
C8A | 24 00 00 00 1B 06 03 03 00 00 00 24 1C 05 0D 08 00 00 00 00 00 00 00 00 00 00 00 00 00 00 00 00
C8C | 1E 00 00 00 2D 03 01 01 00 00 01 1E 2D 02 00 31 52 A7 00 06 09 49 00 00 00 00 00 00 00 00 00 00
C8E | 34 00 00 00 6B 04 01 02 00 00 02 34 6E 06 71 03 52 A7 00 05 26 35 00 00 00 00 00 00 00 00 00 00
C90 | 34 00 00 00 03 16 01 01 00 14 02 34 05 15 00 3B 1B A7 00 03 0F 34 00 00 00 00 00 00 00 00 00 00
C92 | 2D 00 00 00 07 2A 05 04 00 14 02 2D 03 2B 00 3C F3 A6 00 00 01 00 00 00 00 00 00 00 00 00 00 00
C94 | 2A 00 00 00 0D 1B 01 02 00 14 02 2A 0B 18 1D 1B F3 A6 00 06 00 36 00 00 00 00 00 00 00 00 00 00
C96 | 2A 00 00 00 16 1B 06 06 00 14 02 2A 14 1E 1A 30 F3 A6 00 06 00 34 00 00 00 00 00 00 00 00 00 00
C98 | 29 02 0B 06 00 00 00 00 00 19 02 34 27 26 00 00 F3 A6 00 05 00 36 00 00 00 00 00 00 00 00 95 00
C9A | 2F 00 00 00 11 11 0D 0E 00 14 02 2F 20 18 11 41 52 A7 00 03 19 3B 00 00 00 00 00 00 00 00 00 00
C9C | 34 00 00 00 1E 36 03 02 00 14 02 34 1E 31 23 34 1B A7 00 06 28 36 00 00 00 00 00 00 00 00 00 00
C9E | 34 00 00 00 01 01 01 01 00 14 02 34 31 1D 01 01 1B A7 00 05 19 37 00 00 00 00 00 00 00 00 00 00
CA0 | 2A 00 00 00 2F 13 06 04 00 14 02 2A 2D 14 30 30 52 A7 00 08 24 35 00 00 00 00 00 00 00 00 00 00
CA2 | 2A 00 00 00 41 0C 06 04 00 14 02 2A 42 13 4A 30 1B A7 00 08 32 37 00 00 00 00 00 00 00 00 00 00
CA4 | 2A 00 00 00 3B 16 0A 0A 00 14 02 2A 45 1A 40 30 F3 A6 00 07 00 34 00 00 00 00 00 00 00 00 00 00
CA6 | 29 03 33 39 00 00 00 00 00 1A 02 34 56 1D 00 00 1B A7 00 06 23 34 00 00 00 00 00 00 00 00 B1 00
CA8 | 29 01 34 0B 2F 00 0C 0B 00 18 02 34 55 33 00 00 1B A7 00 06 32 36 00 00 00 00 00 00 00 00 00 00
CAA | 2A 00 00 00 55 0B 03 04 00 14 02 2A 54 09 55 37 F3 A6 00 08 00 34 00 00 00 00 00 00 00 00 00 00
CAC | 29 00 05 0B 00 00 00 00 00 1A 02 34 6F 2F 00 00 52 A7 00 05 25 35 00 00 00 00 00 00 00 00 00 00
CAE | 2A 00 00 00 72 13 01 01 00 14 02 2A 6E 13 00 31 1B A7 00 06 23 37 00 00 00 00 00 00 00 00 00 00
CB0 | 2A 00 00 00 6F 13 03 02 00 14 02 2A 72 13 6B 11 F3 A6 00 05 00 34 00 00 00 00 00 00 00 00 00 00
CB2 | 30 00 00 00 00 1E 0A 0F 00 14 02 30 0C 24 00 41 F3 A6 00 06 00 3D 00 00 00 00 00 00 00 00 00 00
CB4 | 29 03 0E 20 03 20 14 08 00 18 02 30 04 24 00 00 F3 A6 00 02 00 3F 00 00 00 00 00 00 00 00 00 00
CB6 | 29 03 13 19 00 00 00 00 00 18 02 30 16 06 00 00 52 A7 00 05 1B 3B 00 00 00 00 00 00 00 00 99 00
CB8 | 2C 00 11 05 00 00 00 00 00 19 02 30 17 0D 00 00 52 A7 00 04 1C 3B 00 00 00 00 00 00 00 00 00 00
CBA | 29 03 23 1D 21 1A 03 03 00 1D 02 30 16 11 00 00 F3 A6 00 05 00 3D 00 00 00 00 00 00 00 00 00 00
CBC | 29 02 1B 33 00 00 00 00 00 18 02 30 12 2E 00 00 F3 A6 00 04 00 3E 00 00 00 00 00 00 00 00 A1 00
CBE | 2C 00 0A 05 00 00 00 00 00 1C 02 30 16 37 00 00 1B A7 00 06 28 3D 00 00 00 00 00 00 00 00 00 00
CC0 | 30 00 00 00 1D 27 03 08 00 14 02 30 1A 2B 1D 47 1B A7 00 06 1E 3D 00 00 00 00 00 00 00 00 00 00
CC2 | 30 00 00 00 1F 24 01 02 00 14 02 30 26 23 1D 48 F3 A6 00 03 00 3F 00 00 00 00 00 00 00 00 00 00
CC4 | 29 00 1A 0B 00 00 00 00 00 18 02 30 24 0D 00 00 F3 A6 00 06 00 3D 00 00 00 00 00 00 00 00 00 00
CC6 | 30 00 00 00 29 11 01 01 00 14 02 30 2D 11 0F 4D 52 A7 00 02 1D 3B 00 00 00 00 00 00 00 00 00 00
CC8 | 30 00 00 00 25 33 07 06 00 14 02 30 2D 37 25 43 1B A7 00 02 64 3F 00 00 00 00 00 00 00 00 00 00
CCA | 29 01 09 0B 04 00 0C 0B 00 18 02 30 38 05 00 00 F3 A6 00 06 00 3D 00 00 00 00 00 00 00 00 00 00
CCC | 30 00 00 00 39 0F 01 0D 00 14 02 30 39 15 3A 40 F3 A6 00 03 00 3F 00 00 00 00 00 00 00 00 00 00
CCE | 30 00 00 00 35 09 0A 04 00 14 02 30 39 0F 30 42 1B A7 00 02 28 3D 00 00 00 00 00 00 00 00 00 00
CD0 | 30 00 00 00 39 1C 06 05 00 14 02 30 39 1B 31 47 1B A7 00 02 28 3D 00 00 00 00 00 00 00 00 00 00
CD2 | 29 03 16 13 08 11 0F 0C 00 18 02 2E 0F 0E 00 00 1B A7 00 04 50 3A 00 00 00 00 00 00 00 00 00 00
CD4 | 2E 00 00 00 0A 0F 0C 07 00 14 02 2E 0F 17 10 47 F3 A6 00 06 00 3D 00 00 00 00 00 00 00 00 00 00
CD6 | 29 03 28 13 29 11 0E 0C 00 19 02 2E 08 29 00 00 1B A7 00 06 50 3A 00 00 00 00 00 00 00 00 00 00
CD8 | 2E 00 00 00 11 1D 05 08 00 14 02 2E 16 1B 11 57 52 A7 00 06 13 3D 00 00 00 00 00 00 00 00 00 00
CDA | 29 03 23 23 21 20 03 03 00 1D 02 2E 19 26 00 00 F3 A6 00 06 00 3D 00 00 00 00 00 00 00 00 00 00
CDC | 2E 00 00 00 24 01 18 13 00 14 02 2E 2B 09 24 41 1B A7 00 06 14 3A 00 00 00 00 00 00 00 00 00 00
CDE | 2E 00 00 00 24 14 07 06 00 14 02 2E 2A 1D 25 55 F3 A6 00 01 00 3F 00 00 00 00 00 00 00 00 00 00
CE0 | 2E 00 00 00 23 21 01 0A 00 14 02 2E 22 26 23 51 52 A7 00 01 14 3B 00 00 00 00 00 00 00 00 00 00
CE2 | 29 01 1F 2A 0E 28 25 18 00 18 02 2E 36 0C 00 00 1B A7 00 06 23 3D 00 00 00 00 00 00 00 00 00 00
CE4 | 2E 00 00 00 35 24 02 01 00 14 02 2E 34 1E 35 54 1B A7 00 06 46 3A 00 00 00 00 00 00 00 00 00 00
CE6 | 2E 00 00 00 2E 20 04 03 00 14 02 2E 2E 25 34 26 52 A7 00 04 15 3B 00 00 00 00 00 00 00 00 00 00
CE8 | 29 03 30 1F 29 20 14 08 00 18 02 2E 23 21 00 00 1B A7 00 04 64 3D 00 00 00 00 00 00 00 00 00 00
CEA | 29 03 10 19 00 00 00 00 00 18 02 2E 23 2A 00 00 1B A7 00 04 64 3D 00 00 00 00 00 00 00 00 99 00
CEC | 2F 00 00 00 0B 0A 01 01 00 00 02 2F 0A 0A 0C 0A 13 A8 00 01 00 3F 00 00 00 00 00 00 00 00 00 00
CEE | 29 02 2A 32 00 00 00 00 00 18 02 2F 09 18 00 00 1B A7 00 06 1E 3D 00 00 00 00 00 00 00 00 A1 00
CF0 | 2F 00 00 00 07 14 05 07 00 14 02 2F 0C 1C 07 44 1B A7 00 07 28 3A 00 00 00 00 00 00 00 00 00 00
CF2 | 2F 00 00 00 05 04 0E 0C 00 14 02 2F 14 08 05 34 52 A7 00 03 17 3B 00 00 00 00 00 00 00 00 00 00
CF4 | 2F 00 00 00 15 13 05 09 00 14 02 2F 1A 17 14 37 52 A7 00 04 18 3B 00 00 00 00 00 00 00 00 00 00
CF6 | 29 03 1C 23 1B 20 03 03 00 1D 02 2F 19 13 00 00 1B A7 00 02 14 3A 00 00 00 00 00 00 00 00 00 00
CF8 | 2F 00 00 00 18 15 02 01 00 14 02 2F 15 13 19 16 F3 A6 00 05 00 3D 00 00 00 00 00 00 00 00 00 00
CFA | 29 00 12 29 00 00 00 00 00 1A 02 34 0E 39 00 00 1B A7 00 05 28 35 00 00 00 00 00 00 00 00 00 00
CFC | 2F 00 00 00 16 1B 02 01 00 14 02 2F 19 1B 18 1A F3 A6 00 05 00 3D 00 00 00 00 00 00 00 00 00 00
CFE | 2F 00 00 00 06 1E 09 09 00 14 02 2F 13 25 06 4E 1B A7 00 05 32 3D 00 00 00 00 00 00 00 00 00 00
D00 | 2F 00 00 00 11 23 0D 07 00 14 02 2F 1E 22 11 53 1B A7 00 06 30 3A 00 00 00 00 00 00 00 00 00 00
D02 | 29 03 3A 2E 33 2F 0A 0E 00 1A 02 2F 15 1B 00 00 1B A7 00 02 14 3A 00 00 00 00 00 00 00 00 00 00
D04 | 2F 00 00 00 1F 14 09 08 00 14 02 2F 24 0F 1F 44 1B A7 00 04 14 3D 00 00 00 00 00 00 00 00 00 00
D06 | 2F 00 00 00 1A 04 0C 0D 00 14 02 2F 29 08 1A 34 F3 A6 00 08 00 3D 00 00 00 00 00 00 00 00 00 00
D08 | 2F 00 00 00 22 21 0B 0B 00 14 02 2F 27 26 22 51 F3 A6 00 02 00 3F 00 00 00 00 00 00 00 00 00 00
D0A | 29 02 15 32 00 00 00 00 00 18 02 2F 0A 23 00 00 52 A7 00 02 1A 3B 00 00 00 00 00 00 00 00 A1 00
D0C | 29 01 20 0B 19 00 0E 0B 00 1B 02 32 0E 15 00 00 52 A7 00 01 22 41 00 00 00 00 00 00 00 00 00 00
D0E | 2B 00 00 00 04 06 07 05 00 14 02 2B 07 08 04 26 1B A7 00 08 1E 35 00 00 00 00 00 00 00 00 00 00
D10 | 31 00 00 00 01 01 01 01 00 14 02 31 33 0B 01 01 1B A7 00 03 28 3F 00 00 00 00 00 00 00 00 00 00
D12 | 29 03 1C 1D 1B 1A 03 03 00 1D 02 31 0A 07 00 00 1B A7 00 03 28 3E 00 00 00 00 00 00 00 00 00 00
D14 | 31 00 00 00 03 15 0C 0B 00 14 02 31 04 11 03 45 52 A7 00 08 1E 3B 00 00 00 00 00 00 00 00 00 00
D16 | 2C 00 02 05 00 00 00 00 00 19 02 31 06 20 00 00 13 A8 00 03 00 3F 00 00 00 00 00 00 00 00 00 00
D18 | 31 00 00 00 1D 23 09 05 00 14 02 31 21 29 20 50 1B A7 00 04 1E 3D 00 00 00 00 00 00 00 00 00 00
D1A | 29 00 25 0B 00 00 00 00 00 18 02 31 19 31 00 00 F3 A6 00 04 00 3D 00 00 00 00 00 00 00 00 00 00
D1C | 29 03 2B 21 00 00 00 00 00 1A 02 31 2A 31 00 00 F3 A6 00 04 00 3D 00 00 00 00 00 00 00 00 A4 00
D1E | 31 00 00 00 32 1B 0C 0F 00 14 02 31 39 2B 32 40 52 A7 00 08 1F 3B 00 00 00 00 00 00 00 00 00 00
D20 | 29 02 24 36 00 00 00 00 00 18 02 31 3B 1A 00 00 13 A8 00 03 00 3F 00 00 00 00 00 00 00 00 A1 00
D22 | 29 03 03 2F 03 31 0B 0C 00 19 02 2A 13 28 00 00 1B A7 00 06 1E 37 00 00 00 00 00 00 00 00 00 00
D24 | 29 03 0D 19 00 00 00 00 00 18 02 2A 79 26 00 00 1B A7 00 06 50 34 00 00 00 00 00 00 00 00 99 00
D26 | 2E 00 00 00 34 07 06 07 00 14 02 2E 33 0B 3A 54 52 A7 00 05 16 3B 00 00 00 00 00 00 00 00 00 00
D28 | 3E 00 00 00 19 09 04 09 00 00 03 3E 1A 06 2A 2E D2 A7 00 08 0A 2D 00 00 00 00 00 00 00 00 00 00
D2A | 3E 00 00 00 15 18 04 10 00 00 03 3E 16 15 15 40 52 A7 00 06 2C 2E 00 00 00 00 00 00 00 00 00 00
D2C | 3E 00 00 00 26 14 04 09 00 00 03 3E 25 1E 1A 40 F3 A6 00 05 00 30 00 00 00 00 00 00 00 00 00 00
D2E | 3E 00 00 00 0A 22 01 01 00 00 03 3E 0E 26 00 40 52 A7 00 05 2D 2D 00 00 00 00 00 00 00 00 00 00
D30 | 3E 00 00 00 26 36 07 07 00 00 03 3E 25 3A 26 40 1B A7 00 05 28 2F 00 00 00 00 00 00 00 00 00 00
D32 | 3D 01 14 0C 02 02 11 14 00 20 03 3E 21 2A 00 00 F3 A6 00 06 00 2F 00 00 00 00 00 00 00 00 00 00
D34 | 3D 00 1E 0B 00 00 00 00 00 1F 03 3E 17 39 00 00 52 A7 00 04 2E 2D 00 00 00 00 00 00 00 00 00 00
D36 | 3D 02 38 0D 31 03 0D 0C 00 24 03 3E 0A 22 00 00 D2 A7 00 04 01 30 00 00 00 00 00 00 00 00 00 00
D38 | 3D 01 08 21 01 21 11 08 00 1E 03 3F 1C 09 00 00 F3 A6 00 06 00 30 00 00 00 00 00 00 00 00 00 00
D3A | 3F 00 00 00 16 11 0C 05 00 00 03 3F 23 15 00 3B D2 A7 00 04 01 30 00 00 00 00 00 00 00 00 00 00
D3C | 3F 00 00 00 09 1E 0C 0B 00 00 03 3F 0A 27 00 30 52 A7 00 05 2F 2D 00 00 00 00 00 00 00 00 00 00
D3E | 3F 00 00 00 12 1E 0C 0C 00 00 03 3F 13 1F 0D 30 1B A7 00 06 23 2F 00 00 00 00 00 00 00 00 00 00
D40 | 3F 00 00 00 1C 23 10 07 00 00 03 3F 1C 28 1A 30 1B A7 00 08 19 2D 00 C0 00 00 00 00 00 00 00 00
D42 | 3F 00 00 00 29 18 03 0D 00 00 03 3F 2A 24 2D 30 D2 A7 00 04 0F 30 00 00 00 00 00 00 00 00 00 00
D44 | 3F 00 00 00 28 1E 05 01 00 00 03 3F 2A 19 2B 3F F3 A6 00 04 00 2F 00 00 00 00 00 00 00 00 00 00
D46 | 3D 02 08 17 01 16 0B 0B 00 20 03 3F 2C 1E 00 00 1B A7 00 06 1E 2D 00 00 00 00 00 00 00 00 00 00
D48 | 3D 00 2D 06 00 00 00 00 00 22 03 3F 28 1E 00 00 1B A7 00 06 1E 2D 00 00 00 00 00 00 00 00 00 00
D4A | 41 00 00 00 22 14 05 0E 00 00 03 41 26 14 00 40 F3 A6 00 04 00 32 00 00 00 00 00 00 00 00 00 00
D4C | 3D 03 20 2D 00 00 00 00 00 25 03 41 23 20 00 00 1B A7 00 03 1E 33 00 00 00 00 00 00 00 00 FF 00
D4E | 3D 03 1B 30 00 00 00 00 00 1E 03 41 18 11 00 00 1B A7 00 02 14 33 00 00 00 00 00 00 00 00 FF 00
D50 | 41 00 00 00 15 26 04 06 00 00 03 41 16 2C 06 40 F3 A6 00 05 00 36 00 00 00 00 00 00 00 00 00 00
D52 | 41 00 00 00 01 01 01 01 00 00 03 41 1B 27 01 01 F3 A6 00 01 00 37 00 00 00 00 00 00 00 00 00 00
D54 | 41 00 00 00 21 2F 04 0A 00 00 03 41 21 2E 06 46 1B A7 00 04 3C 37 00 00 00 00 00 00 00 00 00 00
D56 | 41 00 00 00 1A 2D 04 13 00 00 03 41 1E 3A 0C 40 1B A7 00 02 14 33 00 00 00 00 00 00 00 00 00 00
D58 | 42 00 00 00 1C 35 0F 0B 00 00 03 42 1A 39 00 60 F3 A6 00 04 00 33 00 00 00 00 00 00 00 00 00 00
D5A | 3D 03 13 30 00 00 00 00 00 24 03 42 28 3A 00 00 1B A7 00 05 1E 37 00 00 00 00 00 00 00 00 FF 00
D5C | 42 00 00 00 0B 12 1F 0D 00 00 03 42 19 16 01 40 1B A7 00 03 14 36 00 00 00 00 00 00 00 00 00 00
D5E | 42 00 00 00 20 19 10 17 00 00 03 42 25 16 10 50 F3 A6 00 05 00 33 00 00 00 00 00 00 00 00 00 00
D60 | 42 00 00 00 1D 24 01 01 00 00 03 42 22 24 00 40 1B A7 00 03 14 32 00 00 00 00 00 00 00 00 00 00
D62 | 3D 00 08 32 00 00 00 00 00 21 03 42 1D 24 00 00 52 A7 00 05 2A 37 00 00 00 00 00 00 00 00 00 00
D64 | 42 00 00 00 0A 04 07 10 00 00 03 42 0E 14 00 50 F3 A6 00 05 00 32 00 00 00 00 00 00 00 00 00 00
D66 | 42 00 00 00 03 18 10 18 00 00 03 42 0E 17 20 58 F3 A6 00 06 00 37 00 00 00 00 00 00 00 00 00 00
D68 | 42 00 00 00 0D 06 01 01 00 00 03 42 0E 09 00 41 1B A7 00 07 19 36 00 00 00 00 00 00 00 00 00 00
D6A | 42 00 00 00 16 24 01 01 00 00 03 42 10 24 00 40 1B A7 00 03 14 33 00 00 00 00 00 00 00 00 00 00
D6C | 3D 00 08 33 00 00 00 00 00 21 03 42 16 24 00 00 F3 A6 00 08 00 36 00 00 00 00 00 00 00 00 00 00
D6E | 43 00 00 00 12 2E 0E 08 00 00 03 43 1F 30 20 40 F3 A6 00 00 01 00 00 00 00 00 00 00 00 00 00 00
D70 | 3D 03 28 15 25 0C 05 0E 00 22 03 42 11 31 00 00 13 A8 00 06 00 36 00 00 00 00 00 00 00 00 00 00
D72 | 3D 01 1D 17 14 0E 13 19 00 1E 03 45 0F 10 00 00 F3 A6 00 06 00 2F 00 00 00 00 00 00 00 00 00 00
D74 | 3D 03 03 1A 00 00 00 00 00 21 03 45 29 09 00 00 52 A7 00 05 30 2E 00 00 00 00 00 00 00 00 D3 00
D76 | 3D 03 04 27 00 00 00 00 00 1F 03 45 0C 26 00 00 D2 A7 00 04 01 2D 00 00 00 00 00 00 00 00 CC 00
D78 | 45 00 00 00 11 1A 08 07 00 00 03 45 12 19 10 31 D2 A7 00 04 14 2D 00 00 00 00 00 00 00 00 00 00
D7A | 45 00 00 00 19 23 0A 0B 00 00 03 45 1C 22 20 30 13 A8 00 03 00 30 00 00 00 00 00 00 00 00 00 00
D7C | 3D 01 25 3A 1A 32 0B 0D 00 24 03 46 1B 05 00 00 F3 A6 00 05 6C 37 00 00 00 00 00 00 00 00 00 00
D7E | 3D 00 2D 08 00 00 00 00 00 22 03 46 0B 19 00 00 1B A7 00 04 50 37 00 00 00 00 00 00 00 00 00 00
D80 | 3D 00 2D 0A 00 00 00 00 00 22 03 46 14 19 00 00 1B A7 00 04 50 37 00 00 00 00 00 00 00 00 00 00
D82 | 46 00 00 00 0D 22 06 05 00 00 03 46 10 21 00 60 F3 A6 00 03 00 32 00 00 00 00 00 00 00 00 00 00
D84 | 3D 01 2B 23 2A 12 0B 14 00 1F 03 46 10 38 00 00 F3 A6 00 03 00 36 00 00 00 00 00 00 00 00 00 00
D86 | 46 00 00 00 01 43 07 09 00 00 03 46 02 45 00 66 F3 A6 00 06 00 36 00 00 00 00 00 00 00 00 00 00
D88 | 46 00 00 00 09 43 0D 05 00 00 03 46 0F 45 10 66 F3 A6 00 06 00 37 00 00 00 00 00 00 00 00 00 00
D8A | 46 00 00 00 1C 4C 01 01 00 00 03 46 1C 46 06 60 1B A7 00 04 3C 36 00 00 00 00 00 00 00 00 00 00
D8C | 3D 03 0E 1A 10 16 04 08 00 24 03 46 1C 4C 00 00 1B A7 00 03 64 32 00 00 00 00 00 00 00 00 00 00
D8E | 3D 03 20 1D 00 00 00 00 00 22 03 46 08 5A 00 00 1B A7 00 02 14 32 00 00 00 00 00 00 00 00 E9 00
D90 | 3D 01 08 2B 03 2B 0A 07 00 20 03 47 08 0D 00 00 F3 A6 00 04 00 32 00 00 00 00 00 00 00 00 00 00
D92 | 47 00 00 00 02 1A 04 08 00 00 03 47 06 22 01 41 1B A7 00 06 23 37 00 00 00 00 00 00 00 00 00 00
D94 | 3D 03 33 36 00 00 00 00 00 22 03 47 12 13 00 00 1B A7 00 06 50 36 00 00 00 00 00 00 00 00 FC 00
D96 | 47 00 00 00 0C 25 0C 07 00 00 03 47 11 25 10 40 1B A7 00 05 32 36 00 00 00 00 00 00 00 00 00 00
D98 | 3D 01 31 33 27 26 19 1A 00 20 03 47 1A 19 00 00 F3 A6 00 04 00 32 00 00 00 00 00 00 00 00 00 00
D9A | 47 00 00 00 21 1E 05 06 00 00 03 47 27 24 21 40 F3 A6 00 03 00 32 00 00 00 00 00 00 00 00 00 00
D9C | 3D 01 37 21 36 1B 09 09 00 20 03 47 0A 37 00 00 52 A7 00 04 27 36 00 00 00 00 00 00 00 00 00 00
D9E | 3D 02 1E 31 11 28 14 0A 00 20 03 47 18 3C 00 00 F3 A6 00 03 00 33 00 00 00 00 00 00 00 00 00 00
DA0 | 47 00 00 00 27 06 10 0A 00 00 03 47 2F 09 30 40 F3 A6 00 04 00 33 00 00 00 00 00 00 00 00 00 00
DA2 | 47 00 00 00 37 07 02 01 00 00 03 47 3C 04 00 40 1B A7 00 05 1E 36 00 00 00 00 00 00 00 00 00 00
DA4 | 47 00 00 00 32 15 06 0A 00 00 03 47 32 1E 2A 40 52 A7 00 04 28 37 00 00 00 00 00 00 00 00 00 00
DA6 | 3D 00 0B 37 00 32 18 0E 00 23 03 44 06 0B 00 00 52 A7 00 01 23 38 00 00 00 00 00 00 00 00 00 00
DA8 | 63 00 00 00 00 00 01 01 00 00 00 63 00 00 00 00 F3 A6 00 01 01 FF 00 00 00 00 00 00 00 00 00 00
DAA | 63 00 00 00 00 00 01 01 00 00 00 63 00 00 00 00 F3 A6 00 01 01 FF 00 00 00 00 00 00 00 00 00 00
DAC | 63 00 00 00 00 00 01 01 00 00 00 63 00 00 00 00 F3 A6 00 01 01 FF 00 00 00 00 00 00 00 00 00 00
DAE | 63 00 00 00 00 00 01 01 00 00 00 63 00 00 00 00 F3 A6 00 01 01 FF 00 00 00 00 00 00 00 00 00 00
DB0 | 63 00 00 00 00 00 01 01 00 00 00 63 00 00 00 00 F3 A6 00 01 01 FF 00 00 00 00 00 00 00 00 00 00
DB2 | 51 00 18 05 00 00 00 00 00 29 04 56 08 0B 00 00 52 A7 00 05 31 20 00 00 00 00 00 00 00 00 00 00
DB4 | 56 00 00 00 0D 1D 01 0F 00 00 04 56 0D 1B 00 40 1B A7 00 03 28 24 00 40 00 00 00 00 00 00 00 00
DB6 | 51 00 02 07 00 00 00 00 00 29 04 56 02 2E 00 00 1B A7 00 03 50 24 00 40 00 00 00 00 00 00 00 00
DB8 | 51 00 02 12 00 00 00 00 00 2B 04 56 14 07 00 00 52 A7 00 04 32 1F 00 00 00 00 00 00 00 00 00 00
DBA | 51 01 0B 09 01 08 11 05 00 28 04 56 1D 11 00 00 F3 A6 00 05 00 24 00 00 00 00 00 00 00 00 00 00
DBC | 56 00 00 00 1A 22 0E 06 00 00 04 56 19 23 02 40 1B A7 00 04 1E 22 00 00 00 00 00 00 00 00 00 00
DBE | 56 00 00 00 0C 35 0A 0B 00 00 04 56 0D 39 10 40 52 A7 00 04 33 22 00 00 00 00 00 00 00 00 00 00
DC0 | 56 00 00 00 21 14 05 0F 00 00 04 56 25 12 1B 40 F3 A6 00 05 00 21 00 00 00 00 00 00 00 00 00 00
DC2 | 56 00 00 00 2E 08 01 0C 00 00 04 56 30 12 01 40 1B A7 00 03 3C 1F 00 40 00 00 00 00 00 00 00 00
DC4 | 51 03 16 11 15 0D 03 03 00 27 04 56 2B 23 00 00 52 A7 00 02 34 24 00 00 00 00 00 00 00 00 00 00
DC6 | 56 00 00 00 26 2F 05 05 00 00 04 56 2D 31 26 40 52 A7 00 05 35 22 00 00 00 00 00 00 00 00 00 00
DC8 | 51 01 0C 07 03 03 12 04 00 28 04 56 26 36 00 00 52 A7 00 02 36 20 00 00 00 00 00 00 00 00 00 00
DCA | 56 00 00 00 39 2E 01 06 00 00 04 56 39 35 30 40 F3 A6 00 04 00 21 00 00 00 00 00 00 00 00 00 00
DCC | 56 00 00 00 39 29 01 06 00 00 04 56 39 30 30 40 1B A7 00 04 28 21 00 00 00 00 00 00 00 00 00 00
DCE | 56 00 00 00 39 24 01 06 00 00 04 56 39 2B 30 40 52 A7 00 03 37 22 00 00 00 00 00 00 00 00 00 00
DD0 | 56 00 00 00 37 15 04 10 00 00 04 56 39 26 3C 40 52 A7 00 02 38 20 00 00 00 00 00 00 00 00 00 00
DD2 | 56 00 00 00 39 21 02 06 00 00 04 56 39 23 34 46 1B A7 00 04 14 1F 00 C0 00 00 00 00 00 00 00 00
DD4 | 51 03 0B 11 0A 0D 03 03 00 27 04 56 39 21 00 00 1B A7 00 04 1E 1F 00 C0 00 00 00 00 00 00 00 00
DD6 | 51 01 07 12 01 14 0A 09 00 28 04 56 39 25 00 00 1B A7 00 04 28 24 00 40 00 00 00 00 00 00 00 00
DD8 | 57 00 00 00 01 04 01 03 00 00 04 57 04 05 00 60 F3 A6 00 04 00 21 00 00 00 00 00 00 00 00 00 00
DDA | 57 00 00 00 0F 0A 06 09 00 00 04 57 0D 08 10 60 1B A7 00 02 38 24 00 40 00 00 00 00 00 00 00 00
DDC | 52 03 01 11 01 0D 03 03 00 2E 04 57 08 0D 00 00 1B A7 00 02 38 24 00 80 00 00 00 00 00 00 00 00
DDE | 57 00 00 00 03 0C 04 02 00 00 04 57 03 10 01 60 1B A7 00 04 32 1F 00 00 00 00 00 00 00 00 00 00
DE0 | 52 03 0A 1B 09 17 03 03 00 27 04 57 09 14 00 00 52 A7 00 06 39 20 00 00 00 00 00 00 00 00 00 00
DE2 | 57 00 00 00 03 19 06 05 00 00 04 57 09 1C 05 60 D2 A7 00 04 50 24 00 00 00 00 00 00 00 00 00 00
DE4 | 51 03 1E 09 1E 03 01 05 00 26 04 57 0D 2D 00 00 F3 A6 00 04 00 21 00 00 00 00 00 00 00 01 00 00
DE6 | 57 00 00 00 0C 36 05 04 00 00 04 57 0A 39 0B 60 52 A7 00 04 3A 20 00 00 00 00 00 00 00 00 00 00
DE8 | 57 00 00 00 13 1D 05 02 00 00 04 57 13 21 00 65 F3 A6 00 05 00 21 00 00 00 00 00 00 00 00 00 00
DEA | 57 00 00 00 15 20 0A 0B 00 00 04 57 19 25 06 65 1B A7 00 04 32 22 00 00 00 00 00 00 00 00 00 00
DEC | 52 01 06 0A 06 04 07 07 00 28 04 57 16 2E 00 00 1B A7 00 04 32 22 00 C0 00 00 00 00 00 00 00 00
DEE | 57 00 00 00 04 52 01 01 00 00 04 57 06 52 04 52 1B A7 00 05 2D 21 00 00 00 00 00 00 00 00 00 00
DF0 | 57 00 00 00 00 52 0A 0C 00 00 04 57 06 5C 16 60 52 A7 00 06 3B 20 00 00 00 00 00 00 00 00 00 00
DF2 | 51 00 01 05 01 03 02 02 00 2A 04 57 1C 48 00 00 52 A7 00 04 3C 20 00 00 00 00 00 00 00 00 00 00
DF4 | 57 00 00 00 12 5A 05 04 00 00 04 57 15 58 10 69 1B A7 00 03 28 1F 00 00 00 00 00 00 00 00 00 00
DF6 | 63 00 00 00 00 00 01 01 00 00 00 63 00 00 00 00 F3 A6 00 01 01 FF 00 00 00 00 00 00 00 00 00 00
DF8 | 63 00 00 00 00 00 01 01 00 00 00 63 00 00 00 00 F3 A6 00 01 01 FF 00 00 00 00 00 00 00 00 00 00
DFA | 58 00 00 00 0F 35 04 0A 00 00 04 58 0A 3A 00 40 1B A7 00 05 32 21 00 00 00 00 00 00 00 00 00 00
DFC | 58 00 00 00 20 0C 01 08 00 00 04 58 20 0A 05 40 52 A7 00 06 3D 22 00 00 00 00 00 00 00 00 00 00
DFE | 53 00 09 05 00 00 00 00 00 2D 04 59 16 17 00 00 52 A7 00 01 6C 1E 00 00 00 00 00 00 00 00 00 00
E00 | 58 00 00 00 23 3A 01 01 00 00 04 58 1C 3A 23 3A F3 A6 00 06 00 21 00 00 00 00 00 00 00 00 00 00
E02 | 58 00 00 00 30 09 02 04 00 00 04 58 32 0B 3D 0F 1B A7 00 05 32 21 00 00 00 00 00 00 00 00 00 00
E04 | 58 00 00 00 2F 11 07 03 00 00 04 58 33 0F 28 49 52 A7 00 05 3E 20 00 00 00 00 00 00 00 00 00 00
E06 | 58 00 00 00 2D 16 11 13 00 00 04 58 35 15 2F 40 1B A7 00 02 3C 24 00 40 00 00 00 00 00 00 00 00
E08 | 58 00 00 00 2F 2B 08 08 00 00 04 58 32 2E 20 40 52 A7 00 04 3F 20 00 00 00 00 00 00 00 00 00 00
E0A | 58 00 00 00 2F 2B 0B 0B 00 00 04 58 34 31 20 50 1B A7 00 06 23 21 00 00 00 00 00 00 00 00 00 00
E0C | 52 00 10 06 00 00 00 00 00 2C 04 58 37 34 00 00 52 A7 00 06 40 22 00 00 00 00 00 00 00 00 00 00
E0E | 51 00 1C 19 00 00 00 00 03 2B 04 5B 03 0E 00 00 F3 A6 00 06 00 27 00 00 00 00 00 00 00 00 00 00
E10 | 5B 00 00 00 19 0F 02 03 03 00 04 5B 16 0D 2C 04 1B A7 00 06 1E 27 00 00 00 00 00 00 00 00 00 00
E12 | 51 00 05 12 00 00 00 00 03 29 04 5B 0D 14 00 00 F3 A6 00 04 00 26 00 00 00 00 00 00 00 00 00 00
E14 | 5B 00 00 00 0A 1D 09 01 03 00 04 5B 17 1C 03 42 1B A7 00 04 19 25 00 00 00 00 00 00 00 00 00 00
E16 | 54 00 0C 0C 00 00 00 00 03 2A 04 5B 12 1D 00 00 F3 A6 00 0A 00 25 00 00 00 00 00 00 00 00 00 00
E18 | 54 00 13 07 00 00 00 00 03 2A 04 5B 0B 1D 00 00 52 A7 00 03 41 26 00 00 00 00 00 00 00 00 00 00
E1A | 5B 00 00 00 08 2B 01 02 03 00 04 5B 05 32 35 2B F3 A6 00 05 00 25 00 00 00 00 00 00 00 00 00 00
E1C | 52 03 04 09 04 05 02 03 03 2A 04 5B 0C 2E 00 00 52 A7 00 04 42 26 00 00 00 00 00 00 00 00 00 00
E1E | 5B 00 00 00 12 31 03 01 03 00 04 5B 16 36 17 36 F3 A6 00 06 00 25 00 00 00 00 00 00 00 00 00 00
E20 | 5B 00 00 00 1F 2B 02 02 03 00 04 5B 1C 28 00 41 F3 A6 00 05 00 26 00 00 00 00 00 00 00 00 00 00
E22 | 5B 00 00 00 22 0D 07 01 03 00 04 5B 25 0A 09 40 52 A7 00 04 43 28 00 00 00 00 00 00 00 00 00 00
E24 | 52 03 14 1B 13 17 03 03 03 27 04 5B 2A 1B 00 00 F3 A6 00 08 00 25 00 00 00 00 00 00 00 00 00 00
E26 | 5B 00 00 00 22 23 09 07 03 00 04 5B 26 26 22 43 F3 A6 00 05 00 27 00 00 00 00 00 00 00 00 00 00
E28 | 5B 00 00 00 2B 30 06 01 03 00 04 5B 2D 30 2A 40 F3 A6 00 08 00 25 00 00 00 00 00 00 00 00 00 00
E2A | 52 03 08 0F 04 0D 06 08 03 2E 04 5B 31 30 00 00 52 A7 00 04 44 26 00 00 00 00 00 00 00 00 00 00
E2C | 63 00 00 00 00 00 01 01 00 00 00 63 00 00 00 00 F3 A6 00 01 01 FF 00 00 00 00 00 00 00 00 00 00
E2E | 5B 00 00 00 3A 0B 02 01 03 00 04 5B 38 0B 3A 0E F3 A6 00 06 00 25 00 00 00 00 00 00 00 00 00 00
E30 | 5B 00 00 00 32 19 09 08 03 00 04 5B 34 1D 32 45 52 A7 00 05 45 26 00 00 00 00 00 00 00 00 00 00
E32 | 5B 00 00 00 20 38 02 01 03 00 04 5B 23 3B 22 38 1B A7 00 04 50 27 00 00 00 00 00 00 00 00 00 00
E34 | 52 03 16 07 0F 02 0B 13 03 2A 04 5B 32 19 00 00 F3 A6 00 01 00 28 00 00 00 00 00 00 00 00 00 00
E36 | 52 03 02 08 01 02 03 09 03 26 04 5B 3A 20 00 00 F3 A6 00 01 00 28 00 00 00 00 00 00 00 01 00 00
E38 | 53 00 0D 05 00 00 00 00 03 2B 04 5C 17 1A 00 00 52 A7 00 05 46 26 00 00 00 00 00 00 00 00 00 00
E3A | 52 00 08 04 00 00 00 00 03 29 04 5C 06 04 00 00 1B A7 00 08 19 25 00 00 00 00 00 00 00 00 00 00
E3C | 5C 00 00 00 03 03 14 0A 03 00 04 5C 0C 09 00 40 1B A7 00 05 3C 27 00 00 00 00 00 00 00 00 00 00
E3E | 5C 00 00 00 08 10 0F 14 03 00 04 5C 0F 1A 20 40 52 A7 00 05 47 28 00 00 00 00 00 00 00 00 00 00
E40 | 5C 00 00 00 1F 2B 02 02 03 00 04 5C 1C 27 1E 40 F3 A6 00 0A 00 26 00 00 00 00 00 00 00 00 00 00
E42 | 5C 00 00 00 20 31 03 01 03 00 04 5C 22 2E 1D 43 F3 A6 00 08 00 27 00 00 00 00 00 00 00 00 00 00
E44 | 54 00 08 0B 00 00 00 00 03 2A 04 5C 14 3A 00 00 1B A7 00 05 1E 25 00 00 00 00 00 00 00 00 00 00
E46 | 53 00 07 05 00 00 00 00 03 28 04 5C 22 06 00 00 52 A7 00 06 48 25 00 00 00 00 00 00 00 00 00 00
E48 | 5C 00 00 00 20 18 08 13 03 00 04 5C 29 21 30 40 1B A7 00 06 1E 26 00 00 00 00 00 00 00 00 00 00
E4A | 51 01 16 18 13 16 0A 08 03 26 04 5C 39 35 00 00 52 A7 00 06 49 28 00 00 00 00 00 00 00 00 00 00
E4C | 63 00 00 00 00 00 01 01 00 00 00 63 00 00 00 00 F3 A6 00 01 01 FF 00 00 00 00 00 00 00 00 00 00
E4E | 63 00 00 00 00 00 01 01 00 00 00 63 00 00 00 00 F3 A6 00 01 01 FF 00 00 00 00 00 00 00 00 00 00
E50 | 68 00 00 00 25 36 02 07 03 00 05 68 2A 39 2D 36 F3 A6 00 03 00 0C 00 00 00 00 00 00 00 00 00 00
E52 | 65 00 12 06 00 00 00 00 00 2F 05 66 0C 07 00 00 52 A7 00 04 4A 10 00 00 00 00 00 00 00 00 00 00
E54 | 65 00 11 1F 00 00 00 00 00 2F 05 66 19 13 00 00 F3 A6 00 03 00 0D 00 00 00 00 00 00 00 00 00 00
E56 | 66 00 00 00 10 21 05 06 00 00 05 66 17 24 10 31 52 A7 00 03 4B 10 00 00 00 00 00 00 00 00 00 00
E58 | 66 00 00 00 25 05 02 01 00 00 05 66 29 09 00 31 52 A7 00 01 6A 10 00 00 00 00 00 00 00 00 00 00
E5A | 66 00 00 00 27 17 06 0D 00 00 05 66 2A 1E 27 30 1B A7 00 04 50 0D 00 00 00 00 00 00 00 00 00 00
E5C | 66 00 00 00 04 19 02 01 00 00 05 66 09 14 00 30 52 A7 00 01 4C 10 00 00 00 00 00 00 00 00 00 00
E5E | 65 00 1B 13 00 00 00 00 02 2F 05 67 0A 0F 00 00 F3 A6 00 06 00 0D 00 00 00 00 00 00 00 00 00 00
E60 | 67 00 00 00 04 1D 0C 01 03 00 05 67 09 1D 04 30 52 A7 00 02 4D 10 00 00 00 00 00 00 00 00 00 00
E62 | 65 00 03 1E 00 00 00 00 02 2F 05 67 04 1D 00 00 F3 A6 00 02 00 0D 00 00 00 00 00 00 00 00 00 00
E64 | 65 01 1D 20 12 12 1C 11 02 2F 05 67 0F 1D 00 00 F3 A6 00 02 00 0D 00 00 00 00 00 00 00 00 00 00
E66 | 67 00 00 00 01 01 01 01 00 00 05 67 1B 11 01 01 13 A8 00 03 00 0C 00 00 00 00 00 00 00 00 00 00
E68 | 67 00 00 00 21 04 05 1E 03 00 05 67 23 04 20 30 52 A7 00 02 4E 10 00 00 00 00 00 00 00 00 00 00
E6A | 67 00 00 00 29 04 04 1E 03 00 05 67 2B 04 25 30 52 A7 00 04 4F 0C 00 00 00 00 00 00 00 00 00 00
E6C | 65 00 23 13 00 00 00 00 02 2F 05 67 23 0B 00 00 F3 A6 00 02 00 0C 00 00 00 00 00 00 00 00 00 00
E6E | 65 01 08 35 01 22 11 1A 02 31 05 67 23 19 00 00 1B A7 00 03 1E 0D 00 00 00 00 00 00 00 00 00 00
E70 | 65 02 04 2E 00 00 00 00 02 2F 05 67 2B 0F 00 00 52 A7 00 04 50 10 00 00 00 00 00 00 00 00 67 01
E72 | 68 00 00 00 1C 04 0D 07 03 00 05 68 25 05 10 40 52 A7 00 01 6B 10 00 00 00 00 00 00 00 00 00 00
E74 | 68 00 00 00 1B 0C 02 02 03 00 05 68 1F 05 00 40 1B A7 00 05 50 0D 00 00 00 00 00 00 00 00 00 00
E76 | 65 01 18 35 12 23 0E 19 02 30 05 68 0F 1E 00 00 F3 A6 00 05 00 0D 00 00 00 00 00 00 00 00 00 00
E78 | 68 00 00 00 1D 0E 08 08 03 00 05 68 1F 17 20 40 F3 A6 00 02 00 0C 00 00 00 00 00 00 00 00 00 00
E7A | 65 01 03 0A 00 00 06 12 02 2F 05 68 22 17 00 00 F3 A6 00 02 00 0C 00 00 00 00 00 00 00 00 00 00
E7C | 71 00 22 16 00 00 00 00 02 2F 05 68 20 26 00 00 F3 A6 00 03 00 0C 00 00 00 00 00 00 00 00 00 00
E7E | 68 00 00 00 30 15 0A 09 03 00 05 68 39 16 30 40 52 A7 00 04 51 10 00 00 00 00 00 00 00 00 00 00
E80 | 65 02 09 30 00 00 00 00 02 2F 05 68 30 1D 00 00 1B A7 00 06 23 0D 00 00 00 00 00 00 00 00 67 01
E82 | 68 00 00 00 2F 29 0C 07 03 00 05 68 30 29 30 49 F3 A6 00 02 00 0C 00 00 00 00 00 00 00 00 00 00
E84 | 65 00 3A 38 00 00 00 00 02 31 05 68 39 2F 00 00 52 A7 00 04 52 0D 00 00 00 00 00 00 00 00 00 00
E86 | 6A 00 00 00 05 0B 01 01 00 00 05 6A 05 07 08 05 52 A7 00 01 54 12 00 00 00 00 00 00 00 00 00 00
E88 | 6A 00 00 00 05 15 01 01 00 00 05 6A 05 11 08 05 52 A7 00 02 55 17 00 00 00 00 00 00 00 00 00 00
E8A | 6A 00 00 00 0A 1B 01 01 00 00 05 6A 05 1B 09 1B 1B A7 00 04 28 11 00 00 00 00 00 00 00 00 00 00
E8C | 6A 00 00 00 0A 07 0C 01 00 00 05 6A 10 07 01 21 52 A7 00 03 56 11 00 00 00 00 00 00 00 00 00 00
E8E | 6A 00 00 00 10 0B 01 01 00 00 05 6A 10 11 08 05 F3 A6 00 04 00 17 00 00 00 00 00 00 00 00 00 00
E90 | 6A 00 00 00 15 1B 01 01 00 00 05 6A 10 1B 14 1B 1B A7 00 03 32 17 00 00 00 00 00 00 00 00 00 00
E92 | 65 01 24 35 20 23 0D 19 00 2F 05 6A 1A 07 00 00 F3 A6 00 03 00 12 00 00 00 00 00 00 00 00 00 00
E94 | 6A 00 00 00 15 11 01 01 00 00 05 6A 1A 11 14 11 F3 A6 00 05 00 11 00 00 00 00 00 00 00 00 00 00
E96 | 6A 00 00 00 1A 16 01 01 00 00 05 6A 1A 1B 1A 14 F3 A6 00 04 00 11 00 00 00 00 00 00 00 00 00 00
E98 | 6B 00 00 00 0B 09 04 04 02 00 05 6B 11 0D 0C 25 F3 A6 00 04 00 12 00 00 00 00 00 00 00 00 00 00
E9A | 6B 00 00 00 10 14 04 04 02 00 05 6B 0F 13 11 26 1B A7 00 03 28 11 00 00 00 00 00 00 00 00 00 00
E9C | 65 02 09 2E 00 00 00 00 02 30 05 6B 09 0B 00 00 52 A7 00 02 57 16 00 00 00 00 00 00 00 00 67 01
E9E | 65 01 3A 1F 2E 12 10 11 02 34 05 6B 16 15 00 00 F3 A6 00 04 00 12 00 00 00 00 00 00 00 00 00 00
EA0 | 6C 00 00 00 05 05 06 13 00 00 05 6C 08 0E 00 20 52 A7 00 03 58 11 00 00 00 00 00 00 00 00 00 00
EA2 | 71 00 1A 1A 00 00 00 00 00 2F 05 6C 03 09 00 00 52 A7 00 01 59 12 00 00 00 00 00 00 00 00 00 00
EA4 | 65 01 3C 0A 39 00 07 12 00 2F 05 6C 0D 09 00 00 52 A7 00 02 5A 12 00 00 00 00 00 00 00 00 00 00
EA6 | 71 00 1D 18 00 00 00 00 00 33 05 6C 03 14 00 00 52 A7 00 02 5B 11 00 00 00 00 00 00 00 00 00 00
EA8 | 6C 00 00 00 01 01 01 01 00 00 05 6C 0D 14 01 01 52 A7 00 01 5C 11 00 00 00 00 00 00 00 00 00 00
EAA | 65 02 1C 30 00 00 00 00 00 2F 05 6C 19 19 00 00 52 A7 00 03 5D 16 00 00 00 00 00 00 00 00 6B 01
EAC | 65 02 25 30 00 00 00 00 02 2F 05 6D 04 09 00 00 52 A7 00 02 5E 12 00 00 00 00 00 00 00 00 79 01
EAE | 65 01 36 35 2D 23 11 19 00 30 05 6D 16 1B 00 00 52 A7 00 04 5F 17 00 00 00 00 00 00 00 00 00 00
EB0 | 6D 00 00 00 0F 0C 01 01 03 00 05 6D 0B 10 00 20 52 A7 00 03 60 16 00 00 00 00 00 00 00 00 00 00
EB2 | 6D 00 00 00 13 10 01 01 03 00 05 6D 0F 0C 00 20 1B A7 00 03 28 11 00 00 00 00 00 00 00 00 00 00
EB4 | 6D 00 00 00 0F 14 01 01 03 00 05 6D 13 10 00 20 F3 A6 00 06 00 12 00 00 00 00 00 00 00 00 00 00
EB6 | 6D 00 00 00 0E 0E 02 03 03 00 05 6D 0F 14 01 20 1B A7 00 02 14 12 00 00 00 00 00 00 00 00 00 00
EB8 | 65 01 18 0C 07 00 31 12 02 2F 05 6D 0F 10 00 00 52 A7 00 04 61 17 00 00 00 00 00 00 00 00 00 00
EBA | 65 01 07 1F 01 12 11 10 00 2F 05 6E 0E 13 00 00 13 A8 00 01 00 16 00 00 00 00 00 00 00 00 00 00
EBC | 6E 00 00 00 17 09 07 11 03 00 05 6E 1A 12 17 20 F3 A6 00 05 00 12 00 00 00 00 00 00 00 00 00 00
EBE | 65 02 37 2C 00 00 00 00 02 2F 05 6E 1A 17 00 00 1B A7 00 05 32 17 00 00 00 00 00 00 00 00 87 01
EC0 | 6F 00 00 00 02 11 0C 0C 00 00 05 6F 08 17 02 21 52 A7 00 04 62 17 00 00 00 00 00 00 00 00 00 00
EC2 | 6F 00 00 00 11 04 0C 0C 00 00 05 6F 1A 0D 11 20 52 A7 00 05 63 16 00 00 00 00 00 00 00 00 00 00
EC4 | 65 00 28 14 00 00 00 00 00 2F 05 6F 17 0A 00 00 1B A7 00 02 0F 12 00 00 00 00 00 00 00 00 00 00
EC6 | 70 00 00 00 00 00 19 10 00 00 05 70 12 04 00 20 52 A7 00 04 64 12 00 00 00 00 00 00 00 00 00 00
EC8 | 63 00 00 00 00 00 01 01 00 00 00 63 00 00 00 00 F3 A6 00 01 01 FF 00 00 00 00 00 00 00 00 00 00
ECA | 65 02 1E 06 00 00 00 00 00 32 05 72 17 22 00 00 52 A7 00 01 6F 09 00 00 00 00 00 00 00 00 8C 01
ECC | 79 00 00 00 16 0D 02 03 00 00 06 79 17 11 13 0D F3 A6 00 04 00 0B 00 00 00 00 00 00 00 00 00 00
ECE | 79 00 00 00 1C 11 01 01 00 00 06 79 18 11 00 60 52 A7 00 02 65 0A 00 00 00 00 00 00 00 00 00 00
ED0 | 79 00 00 00 16 17 02 03 00 00 06 79 17 1B 13 0D F3 A6 00 04 00 0A 00 00 00 00 00 00 00 00 00 00
ED2 | 79 00 00 00 18 17 02 03 00 00 06 79 18 1B 13 0D F3 A6 00 04 00 0B 00 00 00 00 00 00 00 00 00 00
ED4 | 79 00 00 00 0F 3F 02 03 00 00 06 79 0C 44 13 0D 52 A7 00 03 66 0A 00 00 00 00 00 00 00 00 00 00
ED6 | 79 00 00 00 16 39 02 03 00 00 06 79 16 3F 13 0D F3 A6 00 02 00 0B 00 00 00 00 00 00 00 00 00 00
ED8 | 79 00 00 00 18 39 02 03 00 00 06 79 19 3F 13 0D F3 A6 00 02 00 0B 00 00 00 00 00 00 00 00 00 00
EDA | 79 00 00 00 1F 3F 02 03 00 00 06 79 23 44 13 0D 52 A7 00 03 67 0A 00 00 00 00 00 00 00 00 00 00
EDC | 7A 00 00 00 04 10 04 0C 00 00 06 7A 0C 1B 04 40 F3 A6 00 03 00 0B 00 00 00 00 00 00 00 00 00 00
EDE | 7A 00 00 00 18 10 04 0C 00 00 06 7A 13 16 04 40 13 A8 00 03 00 0B 00 00 00 00 00 00 00 00 00 00
EE0 | 7A 00 00 00 0C 26 02 02 00 00 06 7A 09 2B 0C 28 52 A7 00 04 68 0A 00 00 00 00 00 00 00 00 00 00
EE2 | 7A 00 00 00 12 26 02 02 00 00 06 7A 16 2B 0C 28 52 A7 00 04 69 0A 00 00 00 00 00 00 00 00 00 00
EE4 | 7B 00 00 00 1B 06 01 02 00 00 06 7B 19 0A 00 40 1B A7 00 06 1E 0A 00 00 00 00 00 00 00 00 00 00
EE6 | 7B 00 00 00 0F 15 02 02 00 00 06 7B 0F 1A 0F 17 F3 A6 00 06 14 0B 00 00 00 00 00 00 00 00 00 00
EE8 | FF
